0.003951835
-1.79228E-4
-3.36644E-4
0.004734265
0.002911528
0.005304005
0.004807171
-5.8007E-4
0.016510893
-0.003105784
0.0063001
-1.01385E-4
-0.003777705
-0.011381384
-0.003184725
0.001815435
0.01117523
-0.004349
-0.001304363
-0.003197956
-0.002722705
-7.86042E-4
0.002482009
1.49782E-4
-0.001264125
0.004949171
0.008095716
-0.003642236
-0.002045036
-0.003705039
0.004213114
0.0048256
0.00806272
-0.002373164
7.22654E-4
0.013338231
-0.013270455
0.004256458
-0.002809484
0.003564177
0.002899228
-0.00384676
-0.00488791
0.00556868
0.001328836
0.004385173
0.003252872
-0.004735731
0.005721111
9.17126E-5
0.00652742
0.006721323
0.013732816
-0.007088816
0.004066404
0.006266659
0.021595603
5.73697E-4
-0.012408723
-0.008542745
0.007028487
-0.009019996
-6.66889E-4
0.007966754
-0.006047509
-0.004082096
0.003479352
-0.002743211
-0.002600567
-0.004730719
-0.007243094
-0.001844623
0.012104116
0.004208849
0.005677017
0.002711034
-0.003386165
0.003047626
0.007318923
0.009943332
5.43766E-5
0.001209132
0.008084226
0.004155545
-0.003179322
0.001961426
0.002743889
-0.01600151
-0.004047857
0.003939218
0.008582495
-0.005796414
0.003813963
-0.00591784
-0.003310073
-0.014384524
-0.005190052
0.002772172
-0.001153543
-0.003576386
0.003877953
-0.003813149
-0.005739461
-0.001480914
0.001639086
0.01246258
-1.3643E-4
3.73744E-4
-0.003742994
8.27937E-4
0.002553175
-0.003818459
-0.001853645
0.002030925
0.001608773
0.005020365
0.002770192
-0.003715661
0.0013739
0.003081777
0.013463198
1.81546E-4
0.007203671
0.005237838
0.010150058
8.2366E-4
-5.45054E-4
0.005389242
-0.004298837
0.006180728
0.009544802
0.009452416
-0.012219314
0.002666148
-0.025328355
-0.013948299
0.007760952
0.00753884
-0.005902398
0.01467609
-0.008404786
-0.010205232
-3.46906E-4
0.012749948
0.008454433
-0.013875567
-0.005526024
0.005918407
-0.01441055
0.003663596
-0.007072892
0.006320912
-5.51497E-4
-0.002928136
-0.008308039
0.001720908
-7.07909E-4
0.010247412
-0.005022297
0.005101065
0.0100911
4.28466E-5
0.004312401
-0.003693981
0.004130551
0.005216663
0.001905988
0.010479515
0.009363994
-0.009351475
0.002481842
0.007160318
-0.001843784
0.004026618
6.33398E-6
0.010365294
0.004650798
0.00880898
-0.00672354
-0.014431354
0.014205866
-0.02323413
-0.002840786
0.003545947
0.012115446
0.003538041
0.006283012
-0.004304177
0.004040254
-0.010602096
0.005158962
-0.004483682
0.004048485
-5.88495E-4
0.007754913
-0.003345582
0.007148666
-0.00831698
0.006675167
-0.002425463
-0.005525586
-0.001619755
0.005587377
0.001313164
-0.002406152
0.003243872
0.0044711
0.001814812
0.001083976
0.009520494
0.004600126
0.002321227
-8.64495E-4
0.012645666
0.0060909
-0.018479275
0.008734259
-0.006323067
-0.012481717
0.007309758
-0.00104565
6.90401E-4
5.92152E-4
0.001593972
-6.06272E-4
0.005641969
-0.001807044
5.49049E-4
0.01036258
-0.011605778
0.010002474
-0.002566608
-0.003907241
0.005093062
-0.001851396
0.005430699
6.68979E-6
0.001506342
0.004418279
0.003397466
0.005627103
1.96946E-4
0.001128093
-9.31108E-4
-4.75516E-5
0.007568717
0.002652349
-0.003247646
-0.003128033
0.004853317
-0.002087762
0.025086045
0.016800107
-0.011111501
-0.001219199
-0.004798902
-0.002443286
-0.009423002
0.005473186
-0.007618159
0.011421148
0.011800667
-0.004143979
-0.006341469
4.48129E-4
0.00652759
3.38431E-4
0.002916658
0.003301198
0.001583622
-0.001711338
-0.004756454
1.62422E-4
0.004260626
0.007825251
-0.005240224
-0.002031655
0.012942206
0.002317515
6.63135E-4
0.01966737
0.004828239
-0.001594791
-0.013948842
-0.003993384
1.3044E-4
0.001697276
-0.012279919
-0.023990495
0.007822506
0.00216143
-0.009423708
0.010867261
1.55802E-4
-7.29227E-4
0.002991086
-0.003090163
-0.014549262
4.39482E-4
-0.016710127
-0.002446673
0.004108613
0.010217529
0.008045443
-0.002970545
1.95435E-4
-0.00620731
-0.009940165
-0.00346269
-3.21661E-4
0.007148798
0.003617864
8.719E-4
0.002648035
-0.004487822
0.009602673
-0.005753239
-0.010557356
-0.002235143
-7.53319E-5
-5.40853E-4
0.001184782
-0.001280598
-0.003129529
0.003951115
0.01617822
0.002090506
0.00312998
-0.006166744
0.004041761
0.020229498
-0.001068232
-0.001166629
0.005060487
-0.007836423
8.44035E-4
-8.08585E-4
-4.89089E-4
0.006433954
-0.008104975
2.26416E-4
-0.003503694
-2.11544E-5
0.001870367
0.007075434
0.001139009
-1.28203E-4
-0.001252678
0.002186089
4.13544E-4
6.20637E-4
0.005093766
0.002326568
0.018861295
-0.007532003
-0.002904193
-0.004326099
-4.83533E-4
0.01890085
0.016405659
-3.13878E-4
-0.00908208
-0.008948968
-0.010112639
0.002713429
0.006658286
0.007382334
-0.002316985
0.016362745
-0.004999618
-1.49091E-5
-0.008159129
-0.001640108
-0.00947749
-0.004697995
0.006212765
0.00245631
0.024614798
-0.002112076
0.008944792
0.004761353
-0.016083465
0.007148982
-0.022513259
-0.001687752
0.009767871
0.001443657
0.010284753
0.010756615
-0.007047993
0.01158339
-0.012700439
0.008081388
-1.06459E-4
0.022787772
0.005710557
1.09537E-4
-0.02495136
-0.002279268
-0.014438555
0.011017982
-0.002167899
0.001379028
0.001692285
4.86208E-4
0.015908669
-0.00741519
-0.015165749
-0.004413555
-0.005762452
-0.011175044
-0.003393109
0.002514222
-0.006724817
-0.004287864
3.50534E-4
-0.016279016
-0.007688271
-0.002499886
0.005642498
-0.003891097
0.00241141
0.006657924
0.013552364
0.003672998
-0.008443049
0.001168593
-0.005952097
-0.004063523
0.015367919
-5.03681E-4
-0.012553513
0.013685325
0.007421293
-0.017229035
-0.011423434
-6.29237E-4
-0.010254895
-0.003996588
0.007476578
0.003691655
-0.001609217
-0.004953773
-0.002820757
0.013790283
0.003104068
-0.007232645
-0.001872946
-0.003005043
0.003966003
0.001118724
0.005949504
-0.001197034
0.017969143
1.60469E-4
0.003624702
0.009770028
0.006876907
-0.015489527
-0.003877165
-0.003251063
0.006139221
-0.004748243
0.003350649
0.00135366
0.00167082
0.004262957
-0.003345751
7.19678E-4
0.002346219
0.010965323
-0.005397733
-9.39951E-4
0.00677702
-0.00691017
0.001473032
0.002157946
0.002021269
-4.23913E-4
0.014499737
0.001094493
0.008860289
-4.5707E-4
-0.00252535
-0.001594073
-0.005770505
0.008641669
-0.001026362
4.71236E-4
6.69232E-4
0.004926532
0.011046693
0.003546597
-0.004960178
0.002333868
3.0953E-4
0.008846519
0.002259128
-0.002540185
0.002939385
1.87914E-4
0.015355418
-0.004300536
0.010650169
-0.012556476
7.90276E-5
0.008994516
0.008231554
0.001947671
0.029389236
-0.01180215
0.003210961
0.003237809
-0.011413223
-0.008723961
-0.01502641
0.01674244
-0.021368471
0.00201629
0.001105126
0.010234522
-2.41074E-4
-0.001910466
0.042403421
0.002211297
0.028821076
-0.002689124
-0.022342971
-0.004149488
-0.018824535
-3.94773E-4
-0.016942648
-0.016755779
0.004805575
-0.009596079
0.019293203
0.008587221
-0.037385293
0.011667272
0.006275996
-0.006299785
0.018607608
0.015976368
-0.028340045
-0.025048682
3.89154E-4
0.033716618
0.01048147
-0.020248433
0.012790853
0.01863408
0.004543832
-0.012729819
0.020213033
-0.019559961
0.017231013
-0.002978131
0.00974708
5.43835E-4
0.033555598
-0.008196803
0.018138219
0.01770785
0.022239332
-0.028863546
-0.025291292
0.008081516
-0.020908243
0.010631619
0.023068111
0.006063593
-0.0324025
-0.029831032
-0.001662386
-0.009850912
0.005690455
0.017041104
0.013389711
0.009078747
0.006941534
-0.027068525
-0.010668915
0.028243821
-0.007464093
-0.025606956
-0.011942485
0.004909933
0.002344202
0.027887583
0.015008394
-0.015687972
0.013034651
0.033710222
2.58082E-4
-0.015122761
-0.045618608
9.46934E-4
-0.009786291
0.021550786
0.005247838
0.045250591
-0.045156781
0.046317381
-0.06895833
-5.75132E-4
-0.049001637
0.005003212
-0.025888994
-0.004140793
-0.006471416
-0.00323923
-0.02051778
-0.004113336
-0.005659021
9.07461E-4
0.013455201
-6.71047E-4
0.016177119
-0.008163062
0.005539041
-0.006738801
0.00310106
-0.004443388
-0.018256123
-0.006985516
0.010399583
0.001001083
-0.001337043
0.014306847
0.010068387
0.008248641
0.01286124
0.009142517
-0.011795039
-0.002831981
-0.006489456
0.013334153
0.005380701
0.003040402
0.001752821
-0.017585608
0.012532883
6.68552E-4
-0.014078468
0.007350455
-0.004195756
-9.56785E-4
-0.010818524
-0.009781564
-0.001225504
-0.023048299
0.010537033
0.004072589
0.003945345
0.003178158
-8.27749E-4
-0.011997246
-0.007718007
0.002175631
0.008765217
-3.68636E-4
-0.006223682
-0.008100044
0.004883443
-0.011173632
0.00804162
0.004533805
0.003812661
-0.009111239
-0.006878878
-0.003385044
-0.001754238
0.002298016
0.003549158
0.006230365
0.008939515
-0.001593936
0.005262894
0.013424442
0.005714825
-0.011078968
0.003917703
8.36842E-5
1.90217E-4
-0.007807151
-0.002797226
-0.004012509
-0.001521141
0.002181271
-1.80079E-4
3.45179E-4
0.004950654
-0.001831137
0.006662411
0.007035239
-0.002751537
0.00315614
0.009297397
0.002909727
-0.003556897
0.014874634
0.004300947
0.013309293
-0.01968749
-0.011263529
-0.006067686
0.007055531
-0.019051254
-0.001362687
0.008883206
-0.008376201
-0.00740543
0.017072412
0.001613909
-0.01586485
0.005545706
0.010495226
-9.94835E-4
-0.006130778
-0.020742153
0.001922906
0.003070891
0.006237986
-0.003240202
0.002382143
0.005492239
7.4922E-4
-0.002789697
0.004176098
0.006220742
0.002880096
0.002351473
-0.002726279
0.016555814
0.007633327
-0.018013749
0.002241765
0.004212062
2.6336E-4
0.005819323
0.002410664
-0.001295772
-0.010167185
0.001375442
0.007357426
-0.001712249
0.008967269
0.003718222
-0.001377275
-0.001846505
-0.002125149
0.004994592
-0.00131389
