-0.00131389
0.004994592
-0.002125149
-0.001846505
-0.001377275
0.003718222
0.008967269
-0.001712249
0.007357426
0.001375442
-0.010167185
-0.001295772
0.002410664
0.005819323
2.6336E-4
0.004212062
0.002241765
-0.018013749
0.007633327
0.016555814
-0.002726279
0.002351473
0.002880096
0.006220742
0.004176098
-0.002789697
7.4922E-4
0.005492239
0.002382143
-0.003240202
0.006237986
0.003070891
0.001922906
-0.020742153
-0.006130778
-9.94835E-4
0.010495226
0.005545706
-0.01586485
0.001613909
0.017072412
-0.00740543
-0.008376201
0.008883206
-0.001362687
-0.019051254
0.007055531
-0.006067686
-0.011263529
-0.01968749
0.013309293
0.004300947
0.014874634
-0.003556897
0.002909727
0.009297397
0.00315614
-0.002751537
0.007035239
0.006662411
-0.001831137
0.004950654
3.45179E-4
-1.80079E-4
0.002181271
-0.001521141
-0.004012509
-0.002797226
-0.007807151
1.90217E-4
8.36842E-5
0.003917703
-0.011078968
0.005714825
0.013424442
0.005262894
-0.001593936
0.008939515
0.006230365
0.003549158
0.002298016
-0.001754238
-0.003385044
-0.006878878
-0.009111239
0.003812661
0.004533805
0.00804162
-0.011173632
0.004883443
-0.008100044
-0.006223682
-3.68636E-4
0.008765217
0.002175631
-0.007718007
-0.011997246
-8.27749E-4
0.003178158
0.003945345
0.004072589
0.010537033
-0.023048299
-0.001225504
-0.009781564
-0.010818524
-9.56785E-4
-0.004195756
0.007350455
-0.014078468
6.68552E-4
0.012532883
-0.017585608
0.001752821
0.003040402
0.005380701
0.013334153
-0.006489456
-0.002831981
-0.011795039
0.009142517
0.01286124
0.008248641
0.010068387
0.014306847
-0.001337043
0.001001083
0.010399583
-0.006985516
-0.018256123
-0.004443388
0.00310106
-0.006738801
0.005539041
-0.008163062
0.016177119
-6.71047E-4
0.013455201
9.07461E-4
-0.005659021
-0.004113336
-0.02051778
-0.00323923
-0.006471416
-0.004140793
-0.025888994
0.005003212
-0.049001637
-5.75132E-4
-0.06895833
0.046317381
-0.045156781
0.045250591
0.005247838
0.021550786
-0.009786291
9.46934E-4
-0.045618608
-0.015122761
2.58082E-4
0.033710222
0.013034651
-0.015687972
0.015008394
0.027887583
0.002344202
0.004909933
-0.011942485
-0.025606956
-0.007464093
0.028243821
-0.010668915
-0.027068525
0.006941534
0.009078747
0.013389711
0.017041104
0.005690455
-0.009850912
-0.001662386
-0.029831032
-0.0324025
0.006063593
0.023068111
0.010631619
-0.020908243
0.008081516
-0.025291292
-0.028863546
0.022239332
0.01770785
0.018138219
-0.008196803
0.033555598
5.43835E-4
0.00974708
-0.002978131
0.017231013
-0.019559961
0.020213033
-0.012729819
0.004543832
0.01863408
0.012790853
-0.020248433
0.01048147
0.033716618
3.89154E-4
-0.025048682
-0.028340045
0.015976368
0.018607608
-0.006299785
0.006275996
0.011667272
-0.037385293
0.008587221
0.019293203
-0.009596079
0.004805575
-0.016755779
-0.016942648
-3.94773E-4
-0.018824535
-0.004149488
-0.022342971
-0.002689124
0.028821076
0.002211297
0.042403421
-0.001910466
-2.41074E-4
0.010234522
0.001105126
0.00201629
-0.021368471
0.01674244
-0.01502641
-0.008723961
-0.011413223
0.003237809
0.003210961
-0.01180215
0.029389236
0.001947671
0.008231554
0.008994516
7.90276E-5
-0.012556476
0.010650169
-0.004300536
0.015355418
1.87914E-4
0.002939385
-0.002540185
0.002259128
0.008846519
3.0953E-4
0.002333868
-0.004960178
0.003546597
0.011046693
0.004926532
6.69232E-4
4.71236E-4
-0.001026362
0.008641669
-0.005770505
-0.001594073
-0.00252535
-4.5707E-4
0.008860289
0.001094493
0.014499737
-4.23913E-4
0.002021269
0.002157946
0.001473032
-0.00691017
0.00677702
-9.39951E-4
-0.005397733
0.010965323
0.002346219
7.19678E-4
-0.003345751
0.004262957
0.00167082
0.00135366
0.003350649
-0.004748243
0.006139221
-0.003251063
-0.003877165
-0.015489527
0.006876907
0.009770028
0.003624702
1.60469E-4
0.017969143
-0.001197034
0.005949504
0.001118724
0.003966003
-0.003005043
-0.001872946
-0.007232645
0.003104068
0.013790283
-0.002820757
-0.004953773
-0.001609217
0.003691655
0.007476578
-0.003996588
-0.010254895
-6.29237E-4
-0.011423434
-0.017229035
0.007421293
0.013685325
-0.012553513
-5.03681E-4
0.015367919
-0.004063523
-0.005952097
0.001168593
-0.008443049
0.003672998
0.013552364
0.006657924
0.00241141
-0.003891097
0.005642498
-0.002499886
-0.007688271
-0.016279016
3.50534E-4
-0.004287864
-0.006724817
0.002514222
-0.003393109
-0.011175044
-0.005762452
-0.004413555
-0.015165749
-0.00741519
0.015908669
4.86208E-4
0.001692285
0.001379028
-0.002167899
0.011017982
-0.014438555
-0.002279268
-0.02495136
1.09537E-4
0.005710557
0.022787772
-1.06459E-4
0.008081388
-0.012700439
0.01158339
-0.007047993
0.010756615
0.010284753
0.001443657
0.009767871
-0.001687752
-0.022513259
0.007148982
-0.016083465
0.004761353
0.008944792
-0.002112076
0.024614798
0.00245631
0.006212765
-0.004697995
-0.00947749
-0.001640108
-0.008159129
-1.49091E-5
-0.004999618
0.016362745
-0.002316985
0.007382334
0.006658286
0.002713429
-0.010112639
-0.008948968
-0.00908208
-3.13878E-4
0.016405659
0.01890085
-4.83533E-4
-0.004326099
-0.002904193
-0.007532003
0.018861295
0.002326568
0.005093766
6.20637E-4
4.13544E-4
0.002186089
-0.001252678
-1.28203E-4
0.001139009
0.007075434
0.001870367
-2.11544E-5
-0.003503694
2.26416E-4
-0.008104975
0.006433954
-4.89089E-4
-8.08585E-4
8.44035E-4
-0.007836423
0.005060487
-0.001166629
-0.001068232
0.020229498
0.004041761
-0.006166744
0.00312998
0.002090506
0.01617822
0.003951115
-0.003129529
-0.001280598
0.001184782
-5.40853E-4
-7.53319E-5
-0.002235143
-0.010557356
-0.005753239
0.009602673
-0.004487822
0.002648035
8.719E-4
0.003617864
0.007148798
-3.21661E-4
-0.00346269
-0.009940165
-0.00620731
1.95435E-4
-0.002970545
0.008045443
0.010217529
0.004108613
-0.002446673
-0.016710127
4.39482E-4
-0.014549262
-0.003090163
0.002991086
-7.29227E-4
1.55802E-4
0.010867261
-0.009423708
0.00216143
0.007822506
-0.023990495
-0.012279919
0.001697276
1.3044E-4
-0.003993384
-0.013948842
-0.001594791
0.004828239
0.01966737
6.63135E-4
0.002317515
0.012942206
-0.002031655
-0.005240224
0.007825251
0.004260626
1.62422E-4
-0.004756454
-0.001711338
0.001583622
0.003301198
0.002916658
3.38431E-4
0.00652759
4.48129E-4
-0.006341469
-0.004143979
0.011800667
0.011421148
-0.007618159
0.005473186
-0.009423002
-0.002443286
-0.004798902
-0.001219199
-0.011111501
0.016800107
0.025086045
-0.002087762
0.004853317
-0.003128033
-0.003247646
0.002652349
0.007568717
-4.75516E-5
-9.31108E-4
0.001128093
1.96946E-4
0.005627103
0.003397466
0.004418279
0.001506342
6.68979E-6
0.005430699
-0.001851396
0.005093062
-0.003907241
-0.002566608
0.010002474
-0.011605778
0.01036258
5.49049E-4
-0.001807044
0.005641969
-6.06272E-4
0.001593972
5.92152E-4
6.90401E-4
-0.00104565
0.007309758
-0.012481717
-0.006323067
0.008734259
-0.018479275
0.0060909
0.012645666
-8.64495E-4
0.002321227
0.004600126
0.009520494
0.001083976
0.001814812
0.0044711
0.003243872
-0.002406152
0.001313164
0.005587377
-0.001619755
-0.005525586
-0.002425463
0.006675167
-0.00831698
0.007148666
-0.003345582
0.007754913
-5.88495E-4
0.004048485
-0.004483682
0.005158962
-0.010602096
0.004040254
-0.004304177
0.006283012
0.003538041
0.012115446
0.003545947
-0.002840786
-0.02323413
0.014205866
-0.014431354
-0.00672354
0.00880898
0.004650798
0.010365294
6.33398E-6
0.004026618
-0.001843784
0.007160318
0.002481842
-0.009351475
0.009363994
0.010479515
0.001905988
0.005216663
0.004130551
-0.003693981
0.004312401
4.28466E-5
0.0100911
0.005101065
-0.005022297
0.010247412
-7.07909E-4
0.001720908
-0.008308039
-0.002928136
-5.51497E-4
0.006320912
-0.007072892
0.003663596
-0.01441055
0.005918407
-0.005526024
-0.013875567
0.008454433
0.012749948
-3.46906E-4
-0.010205232
-0.008404786
0.01467609
-0.005902398
0.00753884
0.007760952
-0.013948299
-0.025328355
0.002666148
-0.012219314
0.009452416
0.009544802
0.006180728
-0.004298837
0.005389242
-5.45054E-4
8.2366E-4
0.010150058
0.005237838
0.007203671
1.81546E-4
0.013463198
0.003081777
0.0013739
-0.003715661
0.002770192
0.005020365
0.001608773
0.002030925
-0.001853645
-0.003818459
0.002553175
8.27937E-4
-0.003742994
3.73744E-4
-1.3643E-4
0.01246258
0.001639086
-0.001480914
-0.005739461
-0.003813149
0.003877953
-0.003576386
-0.001153543
0.002772172
-0.005190052
-0.014384524
-0.003310073
-0.00591784
0.003813963
-0.005796414
0.008582495
0.003939218
-0.004047857
-0.01600151
0.002743889
0.001961426
-0.003179322
0.004155545
0.008084226
0.001209132
5.43766E-5
0.009943332
0.007318923
0.003047626
-0.003386165
0.002711034
0.005677017
0.004208849
0.012104116
-0.001844623
-0.007243094
-0.004730719
-0.002600567
-0.002743211
0.003479352
-0.004082096
-0.006047509
0.007966754
-6.66889E-4
-0.009019996
0.007028487
-0.008542745
-0.012408723
5.73697E-4
0.021595603
0.006266659
0.004066404
-0.007088816
0.013732816
0.006721323
0.00652742
9.17126E-5
0.005721111
-0.004735731
0.003252872
0.004385173
0.001328836
0.00556868
-0.00488791
-0.00384676
0.002899228
0.003564177
-0.002809484
0.004256458
-0.013270455
0.013338231
7.22654E-4
-0.002373164
0.00806272
0.0048256
0.004213114
-0.003705039
-0.002045036
-0.003642236
0.008095716
0.004949171
-0.001264125
1.49782E-4
0.002482009
-7.86042E-4
-0.002722705
-0.003197956
-0.001304363
-0.004349
0.01117523
0.001815435
-0.003184725
-0.011381384
-0.003777705
-1.01385E-4
0.0063001
-0.003105784
0.016510893
-5.8007E-4
0.004807171
0.005304005
0.002911528
0.004734265
-3.36644E-4
-1.79228E-4
0.003951835
