1848.36
1841.07
1841.4
1842.02
1833.32
1827.99
1818.32
1809.6
1810.65
1781.0
1786.54
1775.32
1775.5
1782.22
1802.62
1808.37
1805.09
1785.03
1792.81
1795.15
1800.9
1805.81
1807.23
1802.75
1802.48
1804.76
1795.85
1781.37
1787.87
1791.53
1798.18
1790.62
1782.0
1767.69
1771.89
1770.61
1747.15
1770.49
1762.97
1767.93
1761.64
1756.54
1763.31
1771.95
1762.11
1759.77
1752.07
1746.38
1754.67
1744.66
1744.5
1733.15
1721.54
1698.06
1710.14
1703.2
1692.56
1656.4
1655.45
1676.12
1690.5
1678.66
1693.87
1695.0
1681.55
1691.75
1698.67
1692.77
1697.42
1701.84
1709.91
1722.34
1725.52
1704.76
1697.6
1687.99
1683.42
1689.13
1683.99
1671.71
1655.17
1655.08
1653.08
1639.77
1632.97
1638.17
1634.96
1630.48
1656.78
1663.5
1656.96
1642.8
1652.35
1646.06
1655.83
1661.32
1685.39
1694.16
1689.47
1691.42
1697.48
1690.91
1697.37
1707.14
1709.67
1706.87
1685.73
1685.96
1685.33
1691.65
1690.25
1685.94
1692.39
1695.53
1692.09
1689.37
1680.91
1676.26
1682.5
1680.19
1675.02
1652.62
1652.32
1640.46
1631.89
1615.41
1614.08
1614.96
1606.28
1613.2
1603.26
1588.03
1573.09
1592.43
1588.19
1628.93
1651.81
1639.04
1626.73
1636.36
1612.52
1626.13
1642.81
1643.38
1622.56
1608.9
1631.38
1640.42
1630.74
1654.41
1648.36
1660.06
1649.6
1650.51
1655.35
1669.16
1666.29
1667.47
1650.47
1658.78
1650.34
1633.77
1633.7
1626.67
1632.69
1625.96
1617.5
1614.42
1597.59
1582.7
1597.57
1593.61
1582.24
1585.16
1578.79
1578.78
1562.5
1555.25
1541.61
1552.01
1574.57
1552.36
1588.85
1593.37
1587.73
1568.61
1563.07
1553.28
1559.98
1553.69
1570.25
1562.17
1569.19
1562.85
1563.77
1551.69
1556.89
1545.8
1558.71
1548.34
1552.1
1560.7
1563.23
1554.52
1552.48
1556.22
1551.18
1544.26
1541.46
1539.79
1525.2
1518.2
1514.68
1515.99
1496.94
1487.85
1515.6
1502.42
1511.95
1530.94
1519.79
1521.38
1520.33
1519.43
1517.01
1517.93
1509.39
1512.12
1511.29
1495.71
1513.17
1498.11
1501.96
1507.84
1500.18
1502.96
1494.82
1494.81
1492.56
1485.98
1480.94
1472.63
1472.34
1470.68
1472.05
1472.12
1461.02
1457.15
1461.89
1466.47
1459.37
1462.42
1426.19
1402.43
1418.1
1419.83
1426.66
1430.15
1443.69
1435.81
1446.79
1430.36
1413.58
1419.45
1428.48
1427.84
1418.55
1418.07
1413.94
1409.28
1407.05
1409.46
1416.18
1415.95
1409.93
1398.94
1406.29
1409.15
1391.03
1387.81
1386.89
1359.88
1353.33
1355.49
1374.53
1380.03
1379.85
1377.51
1394.53
1428.39
1417.26
1414.2
1427.59
1412.16
1411.94
1412.97
1408.75
1413.11
1433.82
1433.19
1457.34
1460.91
1454.92
1440.13
1428.59
1432.84
1432.56
1441.48
1455.88
1460.93
1461.4
1450.99
1445.75
1444.49
1440.67
1447.15
1433.32
1441.59
1456.89
1460.15
1460.26
1461.05
1459.32
1461.19
1465.77
1459.99
1436.56
1433.56
1429.08
1437.92
1432.12
1403.44
1404.94
1406.58
1399.48
1410.49
1409.3
1410.44
1411.13
1402.08
1413.49
1413.17
1418.13
1418.16
1415.51
1405.53
1403.93
1404.11
1405.87
1402.8
1402.22
1401.35
1394.23
1390.99
1365.0
1375.32
1379.32
1385.3
1385.97
1360.02
1337.89
1338.31
1350.52
1362.66
1376.51
1372.78
1363.67
1353.64
1356.78
1334.76
1341.45
1341.47
1352.46
1354.68
1367.58
1374.02
1365.51
1362.16
1329.04
1331.85
1319.99
1313.72
1335.02
1325.51
1355.69
1357.98
1344.78
1342.84
1329.1
1314.88
1324.18
1308.93
1325.66
1314.99
1315.13
1285.5
1278.18
1278.04
1310.33
1313.32
1332.42
1317.82
1320.68
1318.86
1316.63
1315.99
1295.22
1304.86
1324.8
1330.66
1338.35
1353.39
1357.99
1354.58
1363.72
1369.58
1369.1
1391.57
1402.31
1405.82
1397.91
1403.36
1399.98
1390.69
1371.97
1366.94
1378.53
1376.92
1385.14
1390.78
1369.57
1370.26
1387.57
1368.71
1358.59
1382.2
1398.08
1398.96
1413.38
1419.04
1408.47
1403.28
1405.54
1412.52
1416.51
1397.11
1392.78
1402.89
1405.52
1409.75
1404.17
1402.6
1394.28
1395.95
1371.09
1370.87
1365.91
1352.63
1343.36
1364.33
1369.63
1374.09
1365.68
1372.18
1367.59
1365.74
1363.46
1357.66
1362.21
1361.23
1358.04
1343.23
1350.5
1351.77
1342.64
1351.95
1349.96
1347.05
1344.33
1344.9
1325.54
1324.09
1312.41
1313.01
1316.33
1318.43
1326.06
1314.65
1316.0
1315.38
1314.5
1308.04
1293.67
1289.09
1295.5
1292.48
1292.08
1280.7
1277.81
1281.06
1277.3
1277.06
1257.6
1263.02
1249.64
1265.43
1265.33
1254.0
1243.72
1241.3
1205.35
1219.66
1215.75
1211.82
1225.73
1236.47
1255.19
1234.35
1261.01
1258.47
1257.08
1244.28
1244.58
1246.96
1195.19
1192.55
1158.67
1161.79
1188.04
1192.98
1215.65
1216.13
1236.91
1257.81
1251.78
1263.85
1239.7
1229.1
1275.92
1261.12
1253.23
1261.15
1237.9
1218.28
1253.3
1285.09
1284.59
1242.0
1229.05
1254.19
1238.25
1215.39
1209.88
1225.38
1200.86
1224.58
1203.66
1207.25
1195.54
1194.89
1155.46
1164.97
1144.03
1123.95
1099.23
1131.42
1160.4
1151.06
1175.38
1162.95
1136.43
1129.56
1166.76
1202.09
1204.09
1216.01
1209.11
1188.68
1172.87
1162.27
1154.23
1185.9
1198.62
1165.24
1173.97
1204.42
1218.89
1212.92
1210.08
1176.8
1159.27
1177.6
1162.35
1123.82
1123.53
1140.65
1193.89
1192.76
1204.49
1178.81
1172.64
1120.76
1172.53
1119.46
1199.38
1200.07
1260.34
1254.05
1286.94
1292.28
1300.67
1304.89
1331.94
1337.43
1345.02
1343.8
1325.84
1326.73
1305.44
1316.14
1308.87
1317.72
1313.64
1319.49
1343.8
1353.22
1339.22
1337.88
1339.67
1320.64
1307.41
1296.67
1280.1
1268.45
1283.5
1287.14
1295.52
1278.36
1271.5
1267.64
1265.42
1287.87
1271.83
1270.98
1289.0
1279.56
1284.94
1286.17
1300.16
1312.94
1314.55
1345.2
1331.1
1325.69
1320.47
1316.28
1317.37
1333.27
1343.6
1340.68
1328.98
1329.47
1337.77
1348.65
1342.08
1357.16
1346.29
1340.2
1335.1
1347.32
1356.62
1361.22
1363.61
1360.48
1355.66
1347.24
1335.25
1337.38
1330.36
1312.62
1305.14
1319.68
1314.52
1314.41
1314.16
1324.46
1328.17
1333.51
1335.54
1332.63
1332.87
1332.41
1325.83
1328.26
1319.44
1310.19
1313.8
1309.66
1297.54
1293.77
1298.38
1279.21
1273.72
1256.88
1281.87
1296.39
1304.28
1295.11
1320.02
1321.82
1310.13
1321.15
1330.97
1308.44
1306.33
1327.22
1319.88
1306.1
1307.4
1315.44
1343.01
1340.43
1336.32
1328.01
1332.32
1329.15
1321.87
1320.88
1324.57
1319.05
1310.87
1307.1
1304.03
1307.59
1286.12
1276.34
1299.54
1296.63
1291.18
1290.84
1283.35
1280.26
1281.92
1295.02
1293.24
1283.76
1285.96
1274.48
1269.75
1271.5
1273.85
1276.56
1270.2
1271.87
