0.015355418
1.87914E-4
0.002939385
-0.002540185
0.002259128
0.008846519
3.0953E-4
0.002333868
-0.004960178
0.003546597
0.011046693
0.004926532
6.69232E-4
4.71236E-4
-0.001026362
0.008641669
-0.005770505
-0.001594073
-0.00252535
-4.5707E-4
0.008860289
0.001094493
0.014499737
-4.23913E-4
0.002021269
0.002157946
0.001473032
-0.00691017
0.00677702
-9.39951E-4
-0.005397733
0.010965323
0.002346219
7.19678E-4
-0.003345751
0.004262957
0.00167082
0.00135366
0.003350649
-0.004748243
0.006139221
-0.003251063
-0.003877165
-0.015489527
0.006876907
0.009770028
0.003624702
1.60469E-4
0.017969143
-0.001197034
0.005949504
0.001118724
0.003966003
-0.003005043
-0.001872946
-0.007232645
0.003104068
0.013790283
-0.002820757
-0.004953773
-0.001609217
0.003691655
0.007476578
-0.003996588
-0.010254895
-6.29237E-4
-0.011423434
-0.017229035
0.007421293
0.013685325
-0.012553513
-5.03681E-4
0.015367919
-0.004063523
-0.005952097
0.001168593
-0.008443049
0.003672998
0.013552364
0.006657924
0.00241141
-0.003891097
0.005642498
-0.002499886
-0.007688271
-0.016279016
3.50534E-4
-0.004287864
-0.006724817
0.002514222
-0.003393109
-0.011175044
-0.005762452
-0.004413555
-0.015165749
-0.00741519
0.015908669
4.86208E-4
0.001692285
0.001379028
-0.002167899
0.011017982
-0.014438555
-0.002279268
-0.02495136
1.09537E-4
0.005710557
0.022787772
-1.06459E-4
0.008081388
-0.012700439
0.01158339
-0.007047993
0.010756615
0.010284753
0.001443657
0.009767871
-0.001687752
-0.022513259
0.007148982
-0.016083465
0.004761353
0.008944792
-0.002112076
0.024614798
0.00245631
0.006212765
-0.004697995
-0.00947749
-0.001640108
-0.008159129
-1.49091E-5
-0.004999618
0.016362745
-0.002316985
0.007382334
0.006658286
0.002713429
-0.010112639
-0.008948968
-0.00908208
-3.13878E-4
0.016405659
0.01890085
-4.83533E-4
-0.004326099
-0.002904193
-0.007532003
0.018861295
0.002326568
0.005093766
6.20637E-4
4.13544E-4
0.002186089
-0.001252678
-1.28203E-4
0.001139009
0.007075434
0.001870367
-2.11544E-5
-0.003503694
2.26416E-4
-0.008104975
0.006433954
-4.89089E-4
-8.08585E-4
8.44035E-4
-0.007836423
0.005060487
-0.001166629
-0.001068232
0.020229498
0.004041761
-0.006166744
0.00312998
0.002090506
0.01617822
0.003951115
-0.003129529
-0.001280598
0.001184782
-5.40853E-4
-7.53319E-5
-0.002235143
-0.010557356
-0.005753239
0.009602673
-0.004487822
0.002648035
8.719E-4
0.003617864
0.007148798
-3.21661E-4
-0.00346269
-0.009940165
-0.00620731
1.95435E-4
-0.002970545
0.008045443
0.010217529
0.004108613
-0.002446673
-0.016710127
4.39482E-4
-0.014549262
-0.003090163
0.002991086
-7.29227E-4
1.55802E-4
0.010867261
-0.009423708
0.00216143
0.007822506
-0.023990495
-0.012279919
0.001697276
1.3044E-4
-0.003993384
-0.013948842
-0.001594791
0.004828239
0.01966737
6.63135E-4
0.002317515
0.012942206
-0.002031655
-0.005240224
0.007825251
0.004260626
1.62422E-4
-0.004756454
-0.001711338
0.001583622
0.003301198
0.002916658
3.38431E-4
0.00652759
4.48129E-4
-0.006341469
-0.004143979
0.011800667
0.011421148
-0.007618159
0.005473186
-0.009423002
-0.002443286
-0.004798902
-0.001219199
-0.011111501
0.016800107
