Normal 1 1 1 1 1 .5 1 0.0 .5 1 1 1 1 1 1 1 1
Fighting 2 1 .5 .5 1 2 .5 0.0 2 1 1 1 1 .5 2 1 2
Flying 1 2 1 1 1 .5 2 1 .5 1 1 2 .5 1 1 1 1 1
Poison 1 1 1 .5 .5 .5 1 .5 0.0 1 1 2 .5 1 1 1 1 
Ground 1 1 0.0 2 1 2 .5 1 2 2 1 .5 2 1 1 1 1 
Rock 1 .5 2 1 .5 1 2 1 .5 2 1 1 1 1 2 1 1 
Bug 1 .5 .5 .5 1 1 1 .5 .5 .5 1 2 1 2 1 1 2
Ghost 0.0 1 1 1 1 1 1 2 1 1 1 1 1 2 1 1 .5
Steel 1 1 1 1 1 2 1 1 .5 .5 .5 1 .5 1 2 1 1
Fire 1 1 1 1 1 .5 2 1 2 .5 .5 2 1 1 2 .5 1
Water 1 1 1 1 2 2 1 1 1 2 .5 .5 1 1 1 .5 1
Grass 1 1 .5 .5 2 2 .5 1 .5 .5 2 .5 1 1 1 .5 1
Electric 1 1 2 1 0.0 1 1 1 1 1 2 .5 .5 1 1 .5 1
Psychic 1 2 1 2 1 1 1 1 .5 1 1 1 1 .5 1 1 0.0
Ice 1 1 2 1 2 1 1 1 .5 .5 .5 2 1 1 .5 2 1
Dragon 1 1 1 1 1 1 1 1 .5 1 1 1 1 1 1 2 1
Dark 1 .5 1 1 1 1 1 2 1 1 1 1 1 2 1 1 .5
